rouge1
	precision: 0.5753968097879052
	recall: 0.5480759677309904
	f-score: 0.5196839527413184
rouge2
	precision: 0.3718944629628895
	recall: 0.37471985785983
	f-score: 0.34939681740539436
rougeL
	precision: 0.40007880329401146
	recall: 0.3850600035378625
	f-score: 0.36508900060392835
